[   53890.813990] 0001 014a 00000001
[   53890.813990] 0003 0035 000001be
[   53890.813990] 0003 0036 00000258
[   53890.813990] 0003 0030 0000001f
[   53890.813990] 0003 0032 0000001f
[   53890.813990] 0003 0039 00000000
[   53890.813990] 0000 0002 00000000
[   53890.813990] 0000 0000 00000000
[   53890.828065] 0003 0035 000001be
[   53890.828065] 0003 0036 00000258
[   53890.828065] 0003 0030 0000001f
[   53890.828065] 0003 0032 0000001f
[   53890.828065] 0003 0039 00000000
[   53890.828065] 0000 0002 00000000
[   53890.828065] 0000 0000 00000000
[   53890.842461] 0003 0035 000001be
[   53890.842461] 0003 0036 00000258
[   53890.842461] 0003 0030 0000001f
[   53890.842461] 0003 0032 0000001f
[   53890.842461] 0003 0039 00000000
[   53890.842461] 0000 0002 00000000
[   53890.842461] 0000 0000 00000000
[   53890.856717] 0003 0035 000001be
[   53890.856717] 0003 0036 00000258
[   53890.856717] 0003 0030 0000001f
[   53890.856717] 0003 0032 0000001f
[   53890.856717] 0003 0039 00000000
[   53890.856717] 0000 0002 00000000
[   53890.856717] 0000 0000 00000000
[   53890.870978] 0003 0035 000001be
[   53890.870978] 0003 0036 00000258
[   53890.870978] 0003 0030 0000001f
[   53890.870978] 0003 0032 0000001f
[   53890.870978] 0003 0039 00000000
[   53890.870978] 0000 0002 00000000
[   53890.870978] 0000 0000 00000000
[   53890.885239] 0003 0035 000001be
[   53890.885239] 0003 0036 00000258
[   53890.885239] 0003 0030 0000001f
[   53890.885239] 0003 0032 0000001f
[   53890.885239] 0003 0039 00000000
[   53890.885239] 0000 0002 00000000
[   53890.885239] 0000 0000 00000000
[   53890.899433] 0003 0035 000001be
[   53890.899433] 0003 0036 00000258
[   53890.899433] 0003 0030 0000001f
[   53890.899433] 0003 0032 0000001f
[   53890.899433] 0003 0039 00000000
[   53890.899433] 0000 0002 00000000
[   53890.899433] 0000 0000 00000000
[   53890.912760] 0003 0035 000001be
[   53890.912760] 0003 0036 00000258
[   53890.912760] 0003 0030 0000001f
[   53890.912760] 0003 0032 0000001f
[   53890.912760] 0003 0039 00000000
[   53890.912760] 0000 0002 00000000
[   53890.912760] 0000 0000 00000000
[   53890.926938] 0001 014a 00000000
[   53890.926938] 0000 0000 00000000
